rmse_38_train = 112.7821813408887
rmse_38_test  = 113.86943422344577

rmse_39_train = 1208.443190963856
rmse_39_test  = 1026.3035238856492 -lošiji
				993.1895047746376
				
rmse_40_train = 55.69525096041441 -lošiji
				55.609190377846026
rmse_40_test  = 54.2515831366768 -lošiji
                53.902221005848034 

rmse_41_train = 8.79227000888952
rmse_41_test  = 10.636229762119335 -lošiji
				10.600484107715424

rmse_57_train = 22.050709004072438 -lošiji
				22.017774228029243
rmse_57_test  = 24.27921069836854 -lošiji
				24.03014165425065